 -1.31073946 -2.91712729  2.26786738 -1.43916455  1.23176157 -0.90311828
 -1.29893031  1.81075012 -1.55651236 -1.45761685  1.36302886 -2.11264727
  0.58232243 -2.12188176  1.82386069 -1.71576627  0.87817592  1.75955045
  2.05878638 -2.30805767  1.97288015  1.68097245 -0.96179242  1.21744543
  1.21652670  1.48363040 -2.64393669 -2.04425532  1.55460110 -1.44579421
  1.37312078  2.03040417 -1.30658260 -1.48250479 -1.66590804 -1.23676798
  1.68375078 -1.76863051  1.22988008  0.77523354 -1.57112121 -1.56202370
 -1.75553827 -1.58211710 -1.79950088  2.21851191  1.49008770  1.50997374
  0.99479434  1.07285130  2.49451631 -1.74088514 -1.87170635  1.86391298
  1.65205685  1.68870372 -2.51499251  0.81810886 -1.61116978  1.70887196
 -1.26635183 -1.97498194 -1.72151075 -1.71935912 -2.09735412 -1.53627781
 -1.01828307  0.97487943  2.01108267  0.67709145 -1.27686841  1.19207163
 -1.22505617  1.49524636 -1.88734520  1.39837075 -1.18579530  1.79149065
 -1.61617757 -0.08268483  1.59410928  1.23651889  2.22607681 -0.84435290
  1.18985341 -1.78314036 -1.10705935 -2.08404713  1.31143751 -1.31181668
 -1.34940369  0.67774970  0.15405475  2.25836262  2.54149024 -1.42006085
  0.87871124 -1.60430533  2.14877043  1.34042170  1.39308314 -1.45418789
 -2.47810554 -2.00873553 -1.20018915 -2.38177156 -1.07109022 -1.89817579
 -1.29688640 -1.59008826  1.99432983 -1.66044781 -1.67730767 -1.30218803
 -1.48114821  1.83644531  1.49958315  1.50885891 -0.77030816  2.08264191
 -1.43469326  1.21429386  1.41334705 -1.76036040  0.86330595 -1.61063135
 -1.53278647 -2.02088567 -2.30572466  0.88291054  1.40785547  1.42028312
 -2.00818489 -0.82524000 -1.74441840  1.82205499 -1.13913407 -1.60742854
  1.65911466  1.03446742  1.72673785 -1.58694147 -1.21732179 -1.09366889
 -1.57715051 -1.35640793 -2.20510393 -1.76232352 -1.20951228  1.80461586
 -0.83623867  1.50800442 -1.24708405  1.58669882  1.23971781 -1.73626451
 -1.57219988  0.90716894  1.48756684  0.87311944  1.47882520  1.32359867
 -1.84973770  1.20729238  2.47168056  1.59851464  0.65361702 -2.35325951
  1.39353537  0.97091578  1.58617172  1.51793098 -2.50185196 -1.50842222
  1.54776422 -2.36815195  1.11254826  1.06447403 -0.97007297 -1.64699433
  1.35699398  0.86181384  2.83326369 -2.71181373 -1.06657832  1.49395181
 -0.98694246  1.61143549  1.35579207 -1.85114372 -1.72768745 -1.69396937
  1.87750124 -3.02516295 -1.82644179  1.83189662  0.51015742 -2.23588166
  1.10351367  1.64173054